dataset/img/lauggage_000.jpg 530,90,604,152,0
dataset/img/lauggage_001.jpg 434,503,625,695,0
dataset/img/lauggage_002.jpg 527,128,647,211,0 486,334,630,444,0 456,462,640,620,0
dataset/img/lauggage_003.jpg 465,457,636,587,0 511,170,652,266,0 440,659,642,720,0 522,128,644,167,0
dataset/img/lauggage_004.jpg 507,151,657,220,0 488,212,669,320,0 430,637,655,720,0
dataset/img/lauggage_005.jpg 498,275,682,416,0 509,195,667,298,0 514,127,605,217,0 581,118,710,216,0
dataset/img/lauggage_006.jpg 485,370,688,532,0 458,357,582,442,0 477,259,679,366,0 581,151,718,264,0 507,165,610,249,0
dataset/img/lauggage_007.jpg 426,513,737,714,0 432,489,579,602,0 447,356,688,487,0 575,200,746,340,0 483,213,613,300,0
dataset/img/lauggage_008.jpg 438,470,708,689,0 408,461,528,564,0 458,387,617,487,0 572,266,780,462,0 479,256,607,393,0
dataset/img/lauggage_009.jpg 436,525,592,657,0 561,370,840,628,0 446,354,615,506,0
dataset/img/lauggage_010.jpg 417,463,625,692,0 534,548,900,720,0 554,54,620,113,0
dataset/img/lauggage_011.jpg 526,69,617,139,0
dataset/img/lauggage_012.jpg 531,49,617,127,0
dataset/img/lauggage_013.jpg 525,86,611,167,0
dataset/img/lauggage_014.jpg 518,97,614,170,0
dataset/img/lauggage_015.jpg 522,122,609,198,0
dataset/img/lauggage_016.jpg 507,147,610,235,0 528,88,608,157,0
dataset/img/lauggage_017.jpg 497,195,611,294,0 514,119,614,190,0
dataset/img/lauggage_018.jpg 488,248,614,359,0 505,142,611,222,0 527,79,596,144,0
dataset/img/lauggage_019.jpg 447,316,620,469,0 486,185,622,285,0 506,102,602,163,0
dataset/img/lauggage_020.jpg 426,421,636,614,0 475,229,625,351,0 509,132,598,206,0 571,122,677,203,0
dataset/img/lauggage_021.jpg 399,584,616,720,0 465,287,632,427,0 572,163,693,258,0 507,169,596,246,0
dataset/img/lauggage_022.jpg 528,65,618,139,0
dataset/img/lauggage_023.jpg 444,396,618,558,0 569,216,701,331,0 487,206,604,299,0 542,61,620,124,0
dataset/img/lauggage_024.jpg 397,535,625,720,0 565,279,716,429,0 482,257,597,388,0 532,88,608,148,0
dataset/img/lauggage_025.jpg 551,369,746,566,0 432,353,619,503,0 527,113,619,185,0 526,87,611,146,0
dataset/img/lauggage_026.jpg 542,530,794,720,0 384,493,627,684,0 522,146,629,227,0 532,113,617,175,0
dataset/img/lauggage_027.jpg 517,149,646,239,0 524,111,634,177,0 526,66,623,131,0
dataset/img/lauggage_028.jpg 492,186,649,277,0 508,135,643,213,0 517,71,623,168,0
dataset/img/lauggage_029.jpg 484,235,609,345,0 495,166,650,272,0 518,113,631,192,0
dataset/img/lauggage_030.jpg 492,224,669,360,0 504,203,610,261,0 509,154,633,231,0
dataset/img/lauggage_031.jpg 457,297,689,459,0 486,247,632,341,0 491,192,625,285,0
dataset/img/lauggage_032.jpg 452,396,707,589,0 460,323,634,451,0 494,259,640,350,0 497,229,607,311,0
dataset/img/lauggage_033.jpg 522,106,617,169,0 525,87,592,131,0
dataset/img/lauggage_034.jpg 453,306,620,453,0 435,439,625,599,0 402,562,740,720,0
dataset/img/lauggage_035.jpg 429,406,625,597,0 414,610,644,720,0
dataset/img/lauggage_036.jpg 533,62,614,119,0 409,248,566,375,0
dataset/img/lauggage_037.jpg 525,80,614,149,0 406,256,568,375,0
dataset/img/lauggage_038.jpg 518,111,606,172,0 533,57,620,112,0
dataset/img/lauggage_039.jpg 511,134,610,216,0 529,73,609,135,0
dataset/img/lauggage_040.jpg 504,170,622,261,0 525,105,609,168,0
dataset/img/lauggage_041.jpg 489,222,610,325,0 510,127,615,213,0 531,70,627,129,0
dataset/img/lauggage_042.jpg 512,162,606,242,0 518,112,628,176,0
dataset/img/lauggage_043.jpg 510,134,613,212,0 521,118,591,157,0 518,69,609,126,0
dataset/img/lauggage_044.jpg 499,164,619,259,0 515,143,592,202,0 522,98,611,152,0
dataset/img/lauggage_045.jpg 499,208,622,317,0 500,178,595,245,0 518,123,609,187,0
dataset/img/lauggage_046.jpg 484,263,614,391,0 497,236,589,296,0 516,162,615,224,0
dataset/img/lauggage_047.jpg 469,334,628,504,0 488,292,601,386,0 496,193,618,284,0
dataset/img/lauggage_048.jpg 520,105,624,160,0 532,78,610,131,0
dataset/img/lauggage_049.jpg 509,119,619,185,0 522,106,594,143,0 529,72,615,118,0
dataset/img/lauggage_050.jpg 521,135,618,199,0 526,95,616,157,0
dataset/img/lauggage_051.jpg 504,170,629,255,0 520,128,615,195,0
dataset/img/lauggage_052.jpg 504,210,628,317,0 506,156,615,244,0 528,60,608,130,0
dataset/img/lauggage_053.jpg 529,82,606,152,0 508,205,631,285,0 490,275,640,378,0
dataset/img/lauggage_054.jpg 471,358,645,512,0 500,257,628,374,0 511,108,613,186,0 521,64,612,132,0
dataset/img/lauggage_055.jpg 430,484,651,663,0 454,339,640,475,0 506,133,611,226,0 514,92,621,160,0
dataset/img/lauggage_056.jpg 504,117,612,189,0 483,172,613,271,0 439,458,640,633,0
dataset/img/lauggage_057.jpg 490,148,617,225,0 475,213,609,320,0
dataset/img/lauggage_058.jpg 473,284,620,421,0 485,206,574,305,0 511,175,623,252,0
dataset/img/lauggage_059.jpg 447,375,611,529,0 492,230,626,321,0 530,78,600,131,0
dataset/img/lauggage_060.jpg 498,155,620,224,0 517,129,594,181,0 526,81,625,142,0
dataset/img/lauggage_061.jpg 397,498,629,720,0 435,367,571,512,0 454,310,644,411,0 524,105,608,156,0
dataset/img/lauggage_062.jpg 508,132,626,199,0 434,386,644,533,0 391,468,569,685,0
dataset/img/lauggage_063.jpg 497,166,612,248,0 414,527,639,720,0
dataset/img/lauggage_064.jpg 476,210,621,298,0 537,52,622,110,0
dataset/img/lauggage_065.jpg 477,258,621,377,0 527,66,608,144,0
dataset/img/lauggage_066.jpg 449,339,612,487,0 520,93,612,170,0
dataset/img/lauggage_067.jpg 519,121,605,199,0 411,470,616,670,0
dataset/img/lauggage_068.jpg 503,155,611,243,0
dataset/img/lauggage_069.jpg 494,203,616,304,0
dataset/img/lauggage_070.jpg 478,244,625,375,0
dataset/img/lauggage_071.jpg 499,182,618,279,0 504,161,585,218,0 521,112,619,165,0
dataset/img/lauggage_072.jpg 452,315,622,477,0
dataset/img/lauggage_073.jpg 420,430,624,628,0
dataset/img/lauggage_074.jpg 530,62,620,110,0 533,95,618,154,0
dataset/img/lauggage_075.jpg 530,116,617,192,0
dataset/img/lauggage_076.jpg 523,149,624,230,0 520,115,622,181,0
dataset/img/lauggage_077.jpg 508,185,630,275,0 520,143,625,218,0 540,49,623,113,0
dataset/img/lauggage_078.jpg 504,237,627,342,0 520,181,626,267,0 531,70,618,139,0
dataset/img/lauggage_079.jpg 493,305,630,432,0 509,225,628,332,0 521,96,604,157,0
dataset/img/lauggage_080.jpg 508,123,611,199,0 459,287,645,407,0 459,412,650,561,0 522,80,616,139,0
dataset/img/lauggage_081.jpg 515,84,613,142,0 502,125,614,204,0 459,309,637,427,0 455,438,649,590,0
dataset/img/lauggage_082.jpg 489,236,622,347,0 488,205,591,279,0 494,175,556,231,0 517,147,624,200,0
dataset/img/lauggage_083.jpg 416,573,671,719,0 460,407,645,540,0 507,151,610,249,0
dataset/img/lauggage_084.jpg 483,192,615,297,0 424,557,654,706,0 501,135,566,214,0 546,133,613,181,0
dataset/img/lauggage_085.jpg 478,256,620,371,0 483,188,577,275,0 529,171,620,230,0 516,108,627,182,0
dataset/img/lauggage_086.jpg 450,313,617,472,0 478,235,573,345,0 532,206,618,284,0 506,142,618,228,0 530,80,603,142,0
dataset/img/lauggage_087.jpg 421,424,615,617,0 504,267,625,361,0 511,189,630,289,0
dataset/img/lauggage_088.jpg 493,255,640,349,0 468,351,644,460,0 418,406,571,579,0 377,602,621,720,0
dataset/img/lauggage_089.jpg 481,308,646,460,0 430,468,655,617,0 368,575,551,720,0
dataset/img/lauggage_090.jpg 432,423,644,619,0
dataset/img/lauggage_091.jpg 523,59,613,133,0 381,585,636,720,0
dataset/img/lauggage_092.jpg 521,72,611,150,0
dataset/img/lauggage_093.jpg 486,298,615,445,0 487,262,598,333,0 504,167,612,248,0
dataset/img/lauggage_094.jpg 525,115,602,176,0
dataset/img/lauggage_095.jpg 516,148,608,218,0
dataset/img/lauggage_096.jpg 500,173,604,266,0 534,54,640,143,0
dataset/img/lauggage_097.jpg 493,220,606,335,0 516,62,636,166,0
dataset/img/lauggage_098.jpg 492,283,607,420,0 528,86,631,151,0 510,129,610,206,0
dataset/img/lauggage_099.jpg 447,380,615,540,0 504,157,613,250,0 523,118,653,200,0
dataset/img/lauggage_100.jpg 404,511,614,714,0 487,206,615,314,0 511,144,655,239,0
dataset/img/lauggage_101.jpg 481,256,612,395,0 490,194,668,297,0
dataset/img/lauggage_102.jpg 484,246,675,370,0 451,346,622,499,0
dataset/img/lauggage_103.jpg 455,311,690,491,0 414,459,632,649,0 525,75,626,175,0
dataset/img/lauggage_104.jpg 432,405,637,570,0 456,345,599,452,0 485,226,628,324,0
dataset/img/lauggage_105.jpg 429,442,705,643,0 516,125,621,206,0 337,531,546,720,0
dataset/img/lauggage_106.jpg 511,167,621,253,0 522,127,625,199,0
dataset/img/lauggage_107.jpg 502,209,630,309,0 517,158,623,246,0 529,58,608,123,0
dataset/img/lauggage_108.jpg 491,265,643,389,0 512,200,624,291,0 521,74,610,155,0
dataset/img/lauggage_109.jpg 485,253,640,362,0 457,355,649,492,0 513,99,606,177,0
dataset/img/lauggage_110.jpg 445,485,645,647,0 470,350,642,463,0 510,134,612,225,0 523,63,600,127,0
dataset/img/lauggage_111.jpg 456,449,645,613,0 498,172,616,267,0 511,132,572,194,0 532,83,612,160,0
dataset/img/lauggage_112.jpg 486,212,606,322,0 496,163,573,244,0 526,112,609,184,0
dataset/img/lauggage_113.jpg 478,278,612,414,0 469,199,568,312,0 515,138,605,213,0
dataset/img/lauggage_114.jpg 444,363,625,521,0 501,172,622,262,0 488,240,627,317,0
dataset/img/lauggage_115.jpg 387,558,666,720,0 409,470,604,613,0 432,381,549,503,0 474,279,635,406,0
dataset/img/lauggage_116.jpg 416,408,565,579,0 362,575,652,720,0 474,343,653,455,0 479,249,634,374,0
dataset/img/lauggage_117.jpg 447,313,635,443,0 432,447,632,586,0 373,542,557,720,0
dataset/img/lauggage_118.jpg 432,405,622,600,0 382,597,655,720,0
dataset/img/lauggage_119.jpg 391,556,618,720,0 525,57,621,118,0
dataset/img/lauggage_120.jpg 526,79,614,140,0
dataset/img/lauggage_121.jpg 519,106,611,179,0
dataset/img/lauggage_122.jpg 518,139,610,208,0
dataset/img/lauggage_123.jpg 505,171,607,257,0
dataset/img/lauggage_124.jpg 486,212,612,325,0 536,63,635,140,0
dataset/img/lauggage_125.jpg 494,276,606,416,0 530,76,640,170,0
dataset/img/lauggage_126.jpg 441,377,629,517,0 375,525,581,688,0
dataset/img/lauggage_127.jpg 468,353,621,524,0 516,111,643,206,0
dataset/img/lauggage_128.jpg 424,497,624,700,0 507,137,664,253,0
dataset/img/lauggage_129.jpg 498,183,661,308,0
dataset/img/lauggage_130.jpg 478,233,667,375,0 535,60,627,144,0
dataset/img/lauggage_131.jpg 467,295,691,486,0 526,102,619,163,0 536,71,615,122,0
dataset/img/lauggage_132.jpg 425,416,704,641,0 527,127,619,195,0 525,94,611,155,0
dataset/img/lauggage_133.jpg 503,165,622,242,0 530,127,619,189,0 402,592,726,720,0
dataset/img/lauggage_134.jpg 511,207,632,295,0 518,155,623,230,0 532,60,611,122,0
dataset/img/lauggage_135.jpg 486,256,632,378,0 513,197,622,293,0 532,78,618,159,0
dataset/img/lauggage_136.jpg 469,338,645,467,0 503,250,629,361,0 518,98,632,181,0 537,66,630,130,0
